Distance on line [m], x-coordinate [m], y-coordinate [m], Vorticity [1/s]
0,0.006354208858,0.006026059856,1.648188554
1.657571689e-05,0.006354208858,0.006042635573,2.055169013
3.315143378e-05,0.006354208858,0.00605921129,2.462149471
4.972715067e-05,0.006354208858,0.006075787007,2.869115685
6.630286756e-05,0.006354208858,0.006092362723,3.326606455
8.287858446e-05,0.006354208858,0.00610893844,3.785547363
9.945430135e-05,0.006354208858,0.006125514157,4.244457426
0.0001160300182,0.006354208858,0.006142089874,4.703367489
0.0001326057351,0.006354208858,0.006158665591,5.162277552
0.000149181452,0.006354208858,0.006175241308,5.621187615
0.0001657571689,0.006354208858,0.006191817025,6.118692182
0.0001823328858,0.006354208858,0.006208392742,6.223107439
0.0001989086027,0.006354208858,0.006224968459,5.585330259
0.0002154843196,0.006354208858,0.006241544176,4.990032418
0.0002320600365,0.006354208858,0.006258119892,4.39737523
0.0002486357534,0.006354208858,0.006274695609,3.804718042
0.0002652114703,0.006354208858,0.006291271326,3.212060855
0.0002817871872,0.006354208858,0.006307847043,2.619403667
0.000298362904,0.006354208858,0.00632442276,2.02504263
0.0003149386209,0.006354208858,0.006340998477,1.453259277
0.0003315143378,0.006354208858,0.006357574194,0.8877537328
0.0003480900547,0.006354208858,0.006374149911,0.3220668239
0.0003646657716,0.006354208858,0.006390725628,-0.2436315931
0.0003812414885,0.006354208858,0.006407301344,-0.8093300101
0.0003978172054,0.006354208858,0.006423877061,-1.375028427
0.0004143929223,0.006354208858,0.006440452778,-1.943160061
0.0004309686392,0.006354208858,0.006457028495,-2.4583907
0.0004475443561,0.006354208858,0.006473604212,-2.491741378
0.000464120073,0.006354208858,0.006490179929,-2.521836605
0.0004806957898,0.006354208858,0.006506755646,-2.553955033
0.0004972715067,0.006354208858,0.006523331363,-2.586073461
0.0005138472236,0.006354208858,0.00653990708,-2.618191889
0.0005304229405,0.006354208858,0.006556482796,-2.650310317
0.0005469986574,0.006354208858,0.006573058513,-2.686475635
0.0005635743743,0.006354208858,0.00658963423,-2.682747804
0.0005801500912,0.006354208858,0.006606209947,-2.641536385
0.0005967258081,0.006354208858,0.006622785664,-2.601476274
0.000613301525,0.006354208858,0.006639361381,-2.561645445
0.0006298772419,0.006354208858,0.006655937098,-2.521814616
0.0006464529588,0.006354208858,0.006672512815,-2.481983787
0.0006630286756,0.006354208858,0.006689088532,-2.442152958
0.0006796043925,0.006354208858,0.006705664248,-2.393704686
0.0006961801094,0.006354208858,0.006722239965,-2.589308341
0.0007127558263,0.006354208858,0.006738815682,-2.819809947
0.0007293315432,0.006354208858,0.006755391399,-3.050583271
0.0007459072601,0.006354208858,0.006771967116,-3.281356595
0.000762482977,0.006354208858,0.006788542833,-3.512129919
0.0007790586939,0.006354208858,0.00680511855,-3.742903244
0.0007956344108,0.006354208858,0.006821694267,-3.950541189
0.0008122101277,0.006354208858,0.006838269984,-4.417835291
0.0008287858446,0.006354208858,0.0068548457,-5.688833435
0.0008453615615,0.006354208858,0.006871421417,-6.968216636
0.0008619372783,0.006354208858,0.006887997134,-8.240707934
0.0008785129952,0.006354208858,0.006904572851,-9.513199232
0.0008950887121,0.006354208858,0.006921148568,-10.78569053
0.000911664429,0.006354208858,0.006937724285,-12.05818183
0.0009282401459,0.006354208858,0.006954300002,-13.43956616
0.0009448158628,0.006354208858,0.006970875719,-13.60265535
0.0009613915797,0.006354208858,0.006987451436,-13.14677195
0.0009779672966,0.006354208858,0.007004027153,-12.68939706
0.0009945430135,0.006354208858,0.007020602869,-12.23560528
0.00101111873,0.006354208858,0.007037178586,-11.78181349
0.001027694447,0.006354208858,0.007053754303,-11.32802171
0.001044270164,0.006354208858,0.00707033002,-10.87424116
0.001060845881,0.006354208858,0.007086905737,-10.41812693
0.001077421598,0.006354208858,0.007103481454,-9.900536609
0.001093997315,0.006354208858,0.007120057171,-9.376834031
0.001110573032,0.006354208858,0.007136632888,-8.853491441
0.001127148749,0.006354208858,0.007153208605,-8.330148851
0.001143724465,0.006354208858,0.007169784321,-7.806806261
0.001160300182,0.006354208858,0.007186360038,-7.283463671
0.001176875899,0.006354208858,0.007202935755,-6.723299077
0.001193451616,0.006354208858,0.007219511472,-6.521463865
0.001210027333,0.006354208858,0.007236087189,-6.850059868
0.00122660305,0.006354208858,0.007252662906,-7.193169799
0.001243178767,0.006354208858,0.007269238623,-7.530055953
0.001259754484,0.006354208858,0.00728581434,-7.866942107
0.001276330201,0.006354208858,0.007302390057,-8.203828261
0.001292905918,0.006354208858,0.007318965773,-8.540714415
0.001309481634,0.006354208858,0.00733554149,-8.811886902
0.001326057351,0.006354208858,0.007352117207,-10.16537866
0.001342633068,0.006354208858,0.007368692924,-11.84256353
0.001359208785,0.006354208858,0.007385268641,-13.52683562
0.001375784502,0.006354208858,0.007401844358,-15.21065514
0.001392360219,0.006354208858,0.007418420075,-16.89447465
0.001408935936,0.006354208858,0.007434995792,-18.57829417
0.001425511653,0.006354208858,0.007451571509,-20.26259912
0.00144208737,0.006354208858,0.007468147225,-21.94007734
0.001458663086,0.006354208858,0.007484722942,-23.58055577
0.001475238803,0.006354208858,0.007501298659,-25.21765314
0.00149181452,0.006354208858,0.007517874376,-26.85522914
0.001508390237,0.006354208858,0.007534450093,-28.49280514
0.001524965954,0.006354208858,0.00755102581,-30.13038115
0.001541541671,0.006354208858,0.007567601527,-31.76795715
0.001558117388,0.006354208858,0.007584177244,-33.44643635
0.001574693105,0.006354208858,0.007600752961,-34.71113688
0.001591268822,0.006354208858,0.007617328677,-35.63586623
0.001607844538,0.006354208858,0.007633904394,-36.54489862
0.001624420255,0.006354208858,0.007650480111,-37.45778244
0.001640995972,0.006354208858,0.007667055828,-38.37066627
0.001657571689,0.006354208858,0.007683631545,-39.28355009
0.001674147406,0.006354208858,0.007700207262,-40.19643391
0.001690723123,0.006354208858,0.007716782979,-41.1215461
0.00170729884,0.006354208858,0.007733358696,-40.47366915
0.001723874557,0.006354208858,0.007749934413,-39.48710119
0.001740450274,0.006354208858,0.00776651013,-38.50537916
0.00175702599,0.006354208858,0.007783085846,-37.52365713
0.001773601707,0.006354208858,0.007799661563,-36.5419351
0.001790177424,0.006354208858,0.00781623728,-35.56021307
0.001806753141,0.006354208858,0.007832812997,-34.61693267
0.001823328858,0.006354208858,0.007849388714,-33.28548653
0.001839904575,0.006354208858,0.007865964431,-31.05374486
0.001856480292,0.006354208858,0.007882540148,-28.7335893
0.001873056009,0.006354208858,0.007899115865,-26.42943812
0.001889631726,0.006354208858,0.007915691582,-24.12528694
0.001906207442,0.006354208858,0.007932267298,-21.82113576
0.001922783159,0.006354208858,0.007948843015,-19.51698458
0.001939358876,0.006354208858,0.007965418732,-17.12741399
0.001955934593,0.006354208858,0.007981994449,-15.81270607
0.00197251031,0.006354208858,0.007998570166,-15.04566724
0.001989086027,0.006354208858,0.008015145883,-14.30593671
0.002005661744,0.006354208858,0.0080317216,-13.56305723
0.002022237461,0.006354208858,0.008048297317,-12.82017776
0.002038813178,0.006354208858,0.008064873034,-12.07729828
0.002055388895,0.006354208858,0.00808144875,-11.34338507
0.002071964611,0.006354208858,0.008098024467,-10.38300392
0.002088540328,0.006354208858,0.008114600184,-6.902550666
0.002105116045,0.006354208858,0.008131175901,-2.939790605
0.002121691762,0.006354208858,0.008147751618,0.9840376169
0.002138267479,0.006354208858,0.008164327335,4.907865839
0.002154843196,0.006354208858,0.008180903052,8.831694061
0.002171418913,0.006354208858,0.008197478769,12.75552228
0.00218799463,0.006354208858,0.008214054486,16.78278451
0.002204570347,0.006354208858,0.008230630202,19.81738553
0.002221146063,0.006354208858,0.008247205919,21.59962558
0.00223772178,0.006354208858,0.008263781636,23.25088584
0.002254297497,0.006354208858,0.008280357353,24.92487231
0.002270873214,0.006354208858,0.00829693307,26.59885878
0.002287448931,0.006354208858,0.008313508787,28.27284524
0.002304024648,0.006354208858,0.008330084504,29.94683171
0.002320600365,0.006354208858,0.008346660221,31.65238401
0.002337176082,0.006354208858,0.008363235938,32.58584945
0.002353751799,0.006354208858,0.008379811654,33.23722803
0.002370327515,0.006354208858,0.008396387371,33.88302341
0.002386903232,0.006354208858,0.008412963088,34.52882004
0.002403478949,0.006354208858,0.008429538805,35.17461668
0.002420054666,0.006354208858,0.008446114522,35.82041331
0.002436630383,0.006354208858,0.008462690239,36.44221699
0.0024532061,0.006354208858,0.008479265956,37.33498231
0.002469781817,0.006354208858,0.008495841673,39.24356193
0.002486357534,0.006354208858,0.00851241739,41.34184915
0.002502933251,0.006354208858,0.008528993107,43.41610985
0.002519508967,0.006354208858,0.008545568823,45.49037055
0.002536084684,0.006354208858,0.00856214454,47.56463125
0.002552660401,0.006354208858,0.008578720257,49.63889195
0.002569236118,0.006354208858,0.008595295974,51.58422416
0.002585811835,0.006354208858,0.008611871691,54.91301157
0.002602387552,0.006354208858,0.008628447408,59.3389724
0.002618963269,0.006354208858,0.008645023125,63.86818221
0.002635538986,0.006354208858,0.008661598842,68.38393003
0.002652114703,0.006354208858,0.008678174559,72.89967786
0.002668690419,0.006354208858,0.008694750275,77.41542568
0.002685266136,0.006354208858,0.008711325992,81.93119616
0.002701841853,0.006354208858,0.008727901709,86.3347813
0.00271841757,0.006354208858,0.008744477426,86.64101237
0.002734993287,0.006354208858,0.008761053143,85.64497214
0.002751569004,0.006354208858,0.00877762886,84.70559601
0.002768144721,0.006354208858,0.008794204577,83.76621988
0.002784720438,0.006354208858,0.008810780294,82.82684375
0.002801296155,0.006354208858,0.008827356011,81.88746762
0.002817871872,0.006354208858,0.008843931727,80.95683369
0.002834447588,0.006354208858,0.008860507444,79.94305408
0.002851023305,0.006354208858,0.008877083161,78.77067894
0.002867599022,0.006354208858,0.008893658878,77.56960523
0.002884174739,0.006354208858,0.008910234595,76.37264612
0.002900750456,0.006354208858,0.008926810312,75.175687
0.002917326173,0.006354208858,0.008943386029,73.97872789
0.00293390189,0.006354208858,0.008959961746,72.78176878
0.002950477607,0.006354208858,0.008976537463,71.61658114
0.002967053324,0.006354208858,0.008993113179,69.96600506
0.00298362904,0.006354208858,0.009009688896,68.03856948
0.003000204757,0.006354208858,0.009026264613,66.09612336
0.003016780474,0.006354208858,0.00904284033,64.15442456
0.003033356191,0.006354208858,0.009059416047,62.21272576
0.003049931908,0.006354208858,0.009075991764,60.27102696
0.003066507625,0.006354208858,0.009092567481,58.32008498
0.003083083342,0.006354208858,0.009109143198,56.50499371
0.003099659059,0.006354208858,0.009125718915,55.58294028
0.003116234776,0.006354208858,0.009142294631,54.92824492
0.003132810492,0.006354208858,0.009158870348,54.24831434
0.003149386209,0.006354208858,0.009175446065,53.56838376
0.003165961926,0.006354208858,0.009192021782,52.88845317
0.003182537643,0.006354208858,0.009208597499,52.20852259
0.00319911336,0.006354208858,0.009225173216,51.5370336
0.003215689077,0.006354208858,0.009241748933,50.78333678
0.003232264794,0.006354208858,0.00925832465,49.93248066
0.003248840511,0.006354208858,0.009274900367,49.06642244
0.003265416228,0.006354208858,0.009291476083,48.20236604
0.003281991944,0.006354208858,0.0093080518,47.33830963
0.003298567661,0.006354208858,0.009324627517,46.47425322
0.003315143378,0.006354208858,0.009341203234,45.61019681
0.003331719095,0.006354208858,0.009357778951,44.74049783
0.003348294812,0.006354208858,0.009374354668,44.25233732
0.003364870529,0.006354208858,0.009390930385,43.94700506
0.003381446246,0.006354208858,0.009407506102,43.64028991
0.003398021963,0.006354208858,0.009424081819,43.33357476
0.00341459768,0.006354208858,0.009440657536,43.02685961
0.003431173396,0.006354208858,0.009457233252,42.72014446
0.003447749113,0.006354208858,0.009473808969,42.43156299
0.00346432483,0.006354208858,0.009490384686,41.96285238
0.003480900547,0.006354208858,0.009506960403,40.96819284
0.003497476264,0.006354208858,0.00952353612,39.826024
0.003514051981,0.006354208858,0.009540111837,38.70188071
0.003530627698,0.006354208858,0.009556687554,37.57773742
0.003547203415,0.006354208858,0.009573263271,36.45359413
0.003563779132,0.006354208858,0.009589838988,35.32945084
0.003580354849,0.006354208858,0.009606414704,34.32093404
0.003596930565,0.006354208858,0.009622990421,31.93677083
0.003613506282,0.006354208858,0.009639566138,28.38722004
0.003630081999,0.006354208858,0.009656141855,24.71764379
0.003646657716,0.006354208858,0.009672717572,21.05866736
0.003663233433,0.006354208858,0.009689293289,17.39969093
0.00367980915,0.006354208858,0.009705869006,13.7407145
0.003696384867,0.006354208858,0.009722444723,10.07754068
0.003712960584,0.006354208858,0.00973902044,6.543307424
0.003729536301,0.006354208858,0.009755596156,4.802474764
0.003746112017,0.006354208858,0.009772171873,3.859596329
0.003762687734,0.006354208858,0.00978874759,2.863890723
0.003779263451,0.006354208858,0.009805323307,1.868185117
0.003795839168,0.006354208858,0.009821899024,0.8724795111
0.003812414885,0.006354208858,0.009838474741,-0.1232260951
0.003828990602,0.006354208858,0.009855050458,-1.150355129
0.003845566319,0.006354208858,0.009871626175,-1.886864387
0.003862142036,0.006354208858,0.009888201892,-2.119897413
0.003878717753,0.006354208858,0.009904777608,-2.231739901
0.003895293469,0.006354208858,0.009921353325,-2.35896934
0.003911869186,0.006354208858,0.009937929042,-2.486198778
0.003928444903,0.006354208858,0.009954504759,-2.613428217
0.00394502062,0.006354208858,0.009971080476,-2.740657655
0.003961596337,0.006354208858,0.009987656193,-2.898775761
0.003978172054,0.006354208858,0.01000423191,-2.391780876
0.003994747771,0.006354208858,0.01002080763,-1.423570348
0.004011323488,0.006354208858,0.01003738334,-0.4410880089
0.004027899205,0.006354208858,0.01005395906,0.5413194459
0.004044474921,0.006354208858,0.01007053478,1.523726901
0.004061050638,0.006354208858,0.01008711049,2.506134355
0.004077626355,0.006354208858,0.01010368621,3.500157639
0.004094202072,0.006354208858,0.01012026193,4.363123608
0.004110777789,0.006354208858,0.01013683764,4.613972516
0.004127353506,0.006354208858,0.01015341336,4.613174508
0.004143929223,0.006354208858,0.01016998908,4.638256907
0.00416050494,0.006354208858,0.0101865648,4.663339305
0.004177080657,0.006354208858,0.01020314051,4.688421704
0.004193656373,0.006354208858,0.01021971623,4.713504103
0.00421023209,0.006354208858,0.01023629195,4.780234051
0.004226807807,0.006354208858,0.01025286766,4.422397465
0.004243383524,0.006354208858,0.01026944338,3.544849603
0.004259959241,0.006354208858,0.0102860191,2.578675113
0.004276534958,0.006354208858,0.01030259481,1.62199294
0.004293110675,0.006354208858,0.01031917053,0.6653107676
0.004309686392,0.006354208858,0.01033574625,-0.2913714051
0.004326262109,0.006354208858,0.01035232196,-1.248053578
0.004342837826,0.006354208858,0.01036889768,-2.206744081
0.004359413542,0.006354208858,0.0103854734,-3.276298262
0.004375989259,0.006354208858,0.01040204912,-4.416325927
0.004392564976,0.006354208858,0.01041862483,-5.553804314
0.004409140693,0.006354208858,0.01043520055,-6.691282701
0.00442571641,0.006354208858,0.01045177627,-7.828761087
0.004442292127,0.006354208858,0.01046835198,-8.966239474
0.004458867844,0.006354208858,0.0104849277,-10.14354401
0.004475443561,0.006354208858,0.01050150342,-10.95561111
0.004492019278,0.006354208858,0.01051807913,-10.83631557
0.004508594994,0.006354208858,0.01053465485,-10.38787582
0.004525170711,0.006354208858,0.01055123057,-9.978503721
0.004541746428,0.006354208858,0.01056780628,-9.569131626
0.004558322145,0.006354208858,0.010584382,-9.15975953
0.004574897862,0.006354208858,0.01060095772,-8.750387435
0.004591473579,0.006354208858,0.01061753343,-8.337492703
0.004608049296,0.006354208858,0.01063410915,-7.974392951
0.004624625013,0.006354208858,0.01065068487,-7.660518678
0.00464120073,0.006354208858,0.01066726059,-7.350588569
0.004657776446,0.006354208858,0.0106838363,-7.04045259
0.004674352163,0.006354208858,0.01070041202,-6.73031661
0.00469092788,0.006354208858,0.01071698774,-6.420180631
0.004707503597,0.006354208858,0.01073356345,-6.110657704
0.004724079314,0.006354208858,0.01075013917,-5.791712298
0.004740655031,0.006354208858,0.01076671489,-5.39532621
0.004757230748,0.006354208858,0.0107832906,-4.953624467
0.004773806465,0.006354208858,0.01079986632,-4.51565572
0.004790382182,0.006354208858,0.01081644204,-4.077686973
0.004806957898,0.006354208858,0.01083301775,-3.639718227
0.004823533615,0.006354208858,0.01084959347,-3.20174948
0.004840109332,0.006354208858,0.01086616919,-2.764506038
0.004856685049,0.006354208858,0.01088274491,-2.320563715
0.004873260766,0.006354208858,0.01089932062,-1.864897516
0.004889836483,0.006354208858,0.01091589634,-1.406158048
0.0049064122,0.006354208858,0.01093247206,-0.947769353
0.004922987917,0.006354208858,0.01094904777,-0.4893806584
0.004939563634,0.006354208858,0.01096562349,-0.03099196373
0.00495613935,0.006354208858,0.01098219921,0.4273967309
