Distance on line [m], x-coordinate [m], y-coordinate [m], Vorticity [1/s]
0,0.004098604364,0.006182795985,-21.59031301
1.389266744e-05,0.004098604364,0.006196688652,-20.19345235
2.778533488e-05,0.004098604364,0.00621058132,-18.80784683
4.167800233e-05,0.004098604364,0.006224473987,-17.60354141
5.557066977e-05,0.004098604364,0.006238366654,-16.40253048
6.946333721e-05,0.004098604364,0.006252259322,-15.20163626
8.335600465e-05,0.004098604364,0.006266151989,-14.00061763
9.724867209e-05,0.004098604364,0.006280044657,-12.799599
0.0001111413395,0.004098604364,0.006293937324,-11.59858037
0.000125034007,0.004098604364,0.006307829992,-10.39756174
0.0001389266744,0.004098604364,0.006321722659,-9.196178116
0.0001528193419,0.004098604364,0.006335615326,-7.993764103
0.0001667120093,0.004098604364,0.006349507994,-6.884526914
0.0001806046767,0.004098604364,0.006363400661,-5.78412484
0.0001944973442,0.004098604364,0.006377293329,-4.683501016
0.0002083900116,0.004098604364,0.006391185996,-3.582719599
0.0002222826791,0.004098604364,0.006405078664,-2.481938183
0.0002361753465,0.004098604364,0.006418971331,-1.381156766
0.000250068014,0.004098604364,0.006432863999,-0.2803753499
0.0002639606814,0.004098604364,0.006446756666,0.8204060666
0.0002778533488,0.004098604364,0.006460649333,1.892423994
0.0002917460163,0.004098604364,0.006474542001,3.469353289
0.0003056386837,0.004098604364,0.006488434668,5.148652157
0.0003195313512,0.004098604364,0.006502327336,6.824549805
0.0003334240186,0.004098604364,0.006516220003,8.4987724
0.0003473166861,0.004098604364,0.006530112671,10.172995
0.0003612093535,0.004098604364,0.006544005338,11.84721759
0.0003751020209,0.004098604364,0.006557898006,13.52144019
0.0003889946884,0.004098604364,0.006571790673,15.19566278
0.0004028873558,0.004098604364,0.00658568334,16.92628799
0.0004167800233,0.004098604364,0.006599576008,18.00174255
0.0004306726907,0.004098604364,0.006613468675,18.84744967
0.0004445653581,0.004098604364,0.006627361343,19.69992221
0.0004584580256,0.004098604364,0.00664125401,20.55613916
0.000472350693,0.004098604364,0.006655146678,21.41235611
0.0004862433605,0.004098604364,0.006669039345,22.26857306
0.0005001360279,0.004098604364,0.006682932013,23.12479001
0.0005140286954,0.004098604364,0.00669682468,23.98100696
0.0005279213628,0.004098604364,0.006710717347,25.08001088
0.0005418140302,0.004098604364,0.006724610015,23.95026896
0.0005557066977,0.004098604364,0.006738502682,21.58769101
0.0005695993651,0.004098604364,0.00675239535,19.24844015
0.0005834920326,0.004098604364,0.006766288017,16.92928623
0.0005973847,0.004098604364,0.006780180685,14.61013232
0.0006112773675,0.004098604364,0.006794073352,12.2909784
0.0006251700349,0.004098604364,0.00680796602,9.971824481
0.0006390627023,0.004098604364,0.006821858687,7.652670563
0.0006529553698,0.004098604364,0.006835751354,5.397011568
0.0006668480372,0.004098604364,0.006849644022,2.642313056
0.0006807407047,0.004098604364,0.006863536689,-0.530311354
0.0006946333721,0.004098604364,0.006877429357,-3.701522104
0.0007085260395,0.004098604364,0.006891322024,-6.866084893
0.000722418707,0.004098604364,0.006905214692,-10.03064768
0.0007363113744,0.004098604364,0.006919107359,-13.19521047
0.0007502040419,0.004098604364,0.006933000027,-16.35977326
0.0007640967093,0.004098604364,0.006946892694,-19.52433605
0.0007779893768,0.004098604364,0.006960785361,-22.63051877
0.0007918820442,0.004098604364,0.006974678029,-26.14730014
0.0008057747116,0.004098604364,0.006988570696,-30.17952536
0.0008196673791,0.004098604364,0.007002463364,-34.22029693
0.0008335600465,0.004098604364,0.007016356031,-38.25345124
0.000847452714,0.004098604364,0.007030248699,-42.28660554
0.0008613453814,0.004098604364,0.007044141366,-46.31975985
0.0008752380489,0.004098604364,0.007058034033,-50.35291415
0.0008891307163,0.004098604364,0.007071926701,-54.38606845
0.0009030233837,0.004098604364,0.007085819368,-58.65902541
0.0009169160512,0.004098604364,0.007099712036,-61.38286492
0.0009308087186,0.004098604364,0.007113604703,-61.14050305
0.0009447013861,0.004098604364,0.007127497371,-60.77659921
0.0009585940535,0.004098604364,0.007141390038,-60.44991127
0.0009724867209,0.004098604364,0.007155282706,-60.12322333
0.0009863793884,0.004098604364,0.007169175373,-59.79653539
0.001000272056,0.004098604364,0.00718306804,-59.46984745
0.001014164723,0.004098604364,0.007196960708,-59.14315951
0.001028057391,0.004098604364,0.007210853375,-58.8968288
0.001041950058,0.004098604364,0.007224746043,-58.16786653
0.001055842726,0.004098604364,0.00723863871,-55.95332649
0.001069735393,0.004098604364,0.007252531378,-53.63441695
0.00108362806,0.004098604364,0.007266424045,-51.32846667
0.001097520728,0.004098604364,0.007280316713,-49.02252086
0.001111413395,0.004098604364,0.00729420938,-46.71657506
0.001125306063,0.004098604364,0.007308102047,-44.41062925
0.00113919873,0.004098604364,0.007321994715,-42.10468345
0.001153091398,0.004098604364,0.007335887382,-39.63694621
0.001166984065,0.004098604364,0.00734978005,-38.06227841
0.001180876733,0.004098604364,0.007363672717,-41.46160819
0.0011947694,0.004098604364,0.007377565385,-45.38115788
0.001208662067,0.004098604364,0.007391458052,-49.29523434
0.001222554735,0.004098604364,0.00740535072,-53.20549749
0.001236447402,0.004098604364,0.007419243387,-57.11576063
0.00125034007,0.004098604364,0.007433136054,-61.02602378
0.001264232737,0.004098604364,0.007447028722,-64.93628693
0.001278125405,0.004098604364,0.007460921389,-68.83229335
0.001292018072,0.004098604364,0.007474814057,-72.7927821
0.00130591074,0.004098604364,0.007488706724,-77.64276922
0.001319803407,0.004098604364,0.007502599392,-82.62552647
0.001333696074,0.004098604364,0.007516492059,-87.61747319
0.001347588742,0.004098604364,0.007530384727,-92.60698788
0.001361481409,0.004098604364,0.007544277394,-97.59650257
0.001375374077,0.004098604364,0.007558170061,-102.5860173
0.001389266744,0.004098604364,0.007572062729,-107.5755319
0.001403159412,0.004098604364,0.007585955396,-112.5830345
0.001417052079,0.004098604364,0.007599848064,-117.6055249
0.001430944747,0.004098604364,0.007613740731,-118.9351825
0.001444837414,0.004098604364,0.007627633399,-119.4549291
0.001458730081,0.004098604364,0.007641526066,-119.893895
0.001472622749,0.004098604364,0.007655418733,-120.354456
0.001486515416,0.004098604364,0.007669311401,-120.8150171
0.001500408084,0.004098604364,0.007683204068,-121.2755781
0.001514300751,0.004098604364,0.007697096736,-121.7361392
0.001528193419,0.004098604364,0.007710989403,-122.1967037
0.001542086086,0.004098604364,0.007724882071,-122.661034
0.001555978754,0.004098604364,0.007738774738,-123.0551187
0.001569871421,0.004098604364,0.007752667406,-123.4266241
0.001583764088,0.004098604364,0.007766560073,-123.7955467
0.001597656756,0.004098604364,0.00778045274,-124.1651881
0.001611549423,0.004098604364,0.007794345408,-124.5348294
0.001625442091,0.004098604364,0.007808238075,-124.9044707
0.001639334758,0.004098604364,0.007822130743,-125.274112
0.001653227426,0.004098604364,0.00783602341,-125.6437533
0.001667120093,0.004098604364,0.007849916078,-126.0644165
0.00168101276,0.004098604364,0.007863808745,-125.8796288
0.001694905428,0.004098604364,0.007877701413,-125.414052
0.001708798095,0.004098604364,0.00789159408,-124.9126936
0.001722690763,0.004098604364,0.007905486747,-124.4210746
0.00173658343,0.004098604364,0.007919379415,-123.9294557
0.001750476098,0.004098604364,0.007933272082,-123.4378368
0.001764368765,0.004098604364,0.00794716475,-122.9462178
0.001778261433,0.004098604364,0.007961057417,-122.4545989
0.0017921541,0.004098604364,0.007974950085,-121.8836694
0.001806046767,0.004098604364,0.007988842752,-122.0453136
0.001819939435,0.004098604364,0.00800273542,-122.6896513
0.001833832102,0.004098604364,0.008016628087,-123.4030926
0.00184772477,0.004098604364,0.008030520754,-124.0992777
0.001861617437,0.004098604364,0.008044413422,-124.7954627
0.001875510105,0.004098604364,0.008058306089,-125.4916478
0.001889402772,0.004098604364,0.008072198757,-126.1878328
0.00190329544,0.004098604364,0.008086091424,-126.8840178
0.001917188107,0.004098604364,0.008099984092,-127.8963296
0.001931080774,0.004098604364,0.008113876759,-126.4282769
0.001944973442,0.004098604364,0.008127769427,-122.6488192
0.001958866109,0.004098604364,0.008141662094,-118.4933119
0.001972758777,0.004098604364,0.008155554761,-114.418954
0.001986651444,0.004098604364,0.008169447429,-110.3445961
0.002000544112,0.004098604364,0.008183340096,-106.2702382
0.002014436779,0.004098604364,0.008197232764,-102.1958803
0.002028329447,0.004098604364,0.008211125431,-98.12152245
0.002042222114,0.004098604364,0.008225018099,-94.22503235
0.002056114781,0.004098604364,0.008238910766,-89.08505396
0.002070007449,0.004098604364,0.008252803434,-82.29114846
0.002083900116,0.004098604364,0.008266696101,-75.18908591
0.002097792784,0.004098604364,0.008280588768,-68.14086361
0.002111685451,0.004098604364,0.008294481436,-61.09264131
0.002125578119,0.004098604364,0.008308374103,-54.04441901
0.002139470786,0.004098604364,0.008322266771,-46.9961967
0.002153363454,0.004098604364,0.008336159438,-39.9479744
0.002167256121,0.004098604364,0.008350052106,-32.57817648
0.002181148788,0.004098604364,0.008363944773,-27.26968191
0.002195041456,0.004098604364,0.00837783744,-25.98271074
0.002208934123,0.004098604364,0.008391730108,-25.55715132
0.002222826791,0.004098604364,0.008405622775,-25.02051506
0.002236719458,0.004098604364,0.008419515443,-24.4838788
0.002250612126,0.004098604364,0.00843340811,-23.94724253
0.002264504793,0.004098604364,0.008447300778,-23.41060627
0.002278397461,0.004098604364,0.008461193445,-22.87397001
0.002292290128,0.004098604364,0.008475086113,-22.28175677
0.002306182795,0.004098604364,0.00848897878,-22.02112039
0.002320075463,0.004098604364,0.008502871447,-22.76390053
0.00233396813,0.004098604364,0.008516764115,-23.75410456
0.002347860798,0.004098604364,0.008530656782,-24.72468288
0.002361753465,0.004098604364,0.00854454945,-25.6952612
0.002375646133,0.004098604364,0.008558442117,-26.66583952
0.0023895388,0.004098604364,0.008572334785,-27.63641783
0.002403431467,0.004098604364,0.008586227452,-28.60699615
0.002417324135,0.004098604364,0.00860012012,-29.61848972
0.002431216802,0.004098604364,0.008614012787,-30.4040845
0.00244510947,0.004098604364,0.008627905454,-30.00254597
0.002459002137,0.004098604364,0.008641798122,-29.26552803
0.002472894805,0.004098604364,0.008655690789,-28.53407145
0.002486787472,0.004098604364,0.008669583457,-27.80412163
0.00250068014,0.004098604364,0.008683476124,-27.07417181
0.002514572807,0.004098604364,0.008697368792,-26.34422199
0.002528465474,0.004098604364,0.008711261459,-25.61427218
0.002542358142,0.004098604364,0.008725154127,-24.87664508
0.002556250809,0.004098604364,0.008739046794,-24.17494946
0.002570143477,0.004098604364,0.008752939461,-23.90597903
0.002584036144,0.004098604364,0.008766832129,-23.77760104
0.002597928812,0.004098604364,0.008780724796,-23.65774903
0.002611821479,0.004098604364,0.008794617464,-23.53574698
0.002625714147,0.004098604364,0.008808510131,-23.41374494
0.002639606814,0.004098604364,0.008822402799,-23.29174289
0.002653499481,0.004098604364,0.008836295466,-23.16974085
0.002667392149,0.004098604364,0.008850188134,-23.04652782
0.002681284816,0.004098604364,0.008864080801,-22.92401767
0.002695177484,0.004098604364,0.008877973468,-23.00547855
0.002709070151,0.004098604364,0.008891866136,-23.16650766
0.002722962819,0.004098604364,0.008905758803,-23.33766894
0.002736855486,0.004098604364,0.008919651471,-23.50663053
0.002750748154,0.004098604364,0.008933544138,-23.67559213
0.002764640821,0.004098604364,0.008947436806,-23.84455373
0.002778533488,0.004098604364,0.008961329473,-24.01351533
0.002792426156,0.004098604364,0.00897522214,-24.18236597
0.002806318823,0.004098604364,0.008989114808,-24.32613986
0.002820211491,0.004098604364,0.009003007475,-24.9718692
0.002834104158,0.004098604364,0.009016900143,-25.86228765
0.002847996826,0.004098604364,0.00903079281,-26.79754966
0.002861889493,0.004098604364,0.009044685478,-27.72337916
0.002875782161,0.004098604364,0.009058578145,-28.64920866
0.002889674828,0.004098604364,0.009072470813,-29.57503816
0.002903567495,0.004098604364,0.00908636348,-30.50086766
0.002917460163,0.004098604364,0.009100256147,-31.42669716
0.00293135283,0.004098604364,0.009114148815,-32.37800428
0.002945245498,0.004098604364,0.009128041482,-33.02105568
0.002959138165,0.004098604364,0.00914193415,-33.47120949
0.002973030833,0.004098604364,0.009155826817,-33.87652493
0.0029869235,0.004098604364,0.009169719485,-34.29086857
0.003000816167,0.004098604364,0.009183612152,-34.70521221
0.003014708835,0.004098604364,0.00919750482,-35.11955584
0.003028601502,0.004098604364,0.009211397487,-35.53389948
0.00304249417,0.004098604364,0.009225290154,-35.94824312
0.003056386837,0.004098604364,0.009239182822,-36.42540952
0.003070279505,0.004098604364,0.009253075489,-36.32109134
0.003084172172,0.004098604364,0.009266968157,-35.74269234
0.00309806484,0.004098604364,0.009280860824,-35.03225018
0.003111957507,0.004098604364,0.009294753492,-34.34648578
0.003125850174,0.004098604364,0.009308646159,-33.66072138
0.003139742842,0.004098604364,0.009322538827,-32.97495698
0.003153635509,0.004098604364,0.009336431494,-32.28919258
0.003167528177,0.004098604364,0.009350324161,-31.60342819
0.003181420844,0.004098604364,0.009364216829,-30.9008565
0.003195313512,0.004098604364,0.009378109496,-30.32924186
0.003209206179,0.004098604364,0.009392002164,-29.89891204
0.003223098847,0.004098604364,0.009405894831,-29.51435115
0.003236991514,0.004098604364,0.009419787499,-29.12215351
0.003250884181,0.004098604364,0.009433680166,-28.72995587
0.003264776849,0.004098604364,0.009447572834,-28.33775823
0.003278669516,0.004098604364,0.009461465501,-27.94556059
0.003292562184,0.004098604364,0.009475358168,-27.55336295
0.003306454851,0.004098604364,0.009489250836,-27.13841926
0.003320347519,0.004098604364,0.009503143503,-26.88061104
0.003334240186,0.004098604364,0.009517036171,-26.85216705
0.003348132854,0.004098604364,0.009530928838,-26.90863829
0.003362025521,0.004098604364,0.009544821506,-26.95309984
0.003375918188,0.004098604364,0.009558714173,-26.99756139
0.003389810856,0.004098604364,0.009572606841,-27.04202294
0.003403703523,0.004098604364,0.009586499508,-27.08648449
0.003417596191,0.004098604364,0.009600392175,-27.13094604
0.003431488858,0.004098604364,0.009614284843,-27.12964267
0.003445381526,0.004098604364,0.00962817751,-27.41761811
0.003459274193,0.004098604364,0.009642070178,-28.29730578
0.003473166861,0.004098604364,0.009655962845,-29.42443924
0.003487059528,0.004098604364,0.009669855513,-30.52422901
0.003500952195,0.004098604364,0.00968374818,-31.62401877
0.003514844863,0.004098604364,0.009697640847,-32.72380854
0.00352873753,0.004098604364,0.009711533515,-33.82359831
0.003542630198,0.004098604364,0.009725426182,-34.92338807
0.003556522865,0.004098604364,0.00973931885,-36.09781997
0.003570415533,0.004098604364,0.009753211517,-36.83265925
0.0035843082,0.004098604364,0.009767104185,-36.23091669
0.003598200867,0.004098604364,0.009780996852,-35.00340658
0.003612093535,0.004098604364,0.00979488952,-33.82184787
0.003625986202,0.004098604364,0.009808782187,-32.64028916
0.00363987887,0.004098604364,0.009822674854,-31.45873045
0.003653771537,0.004098604364,0.009836567522,-30.27717173
0.003667664205,0.004098604364,0.009850460189,-29.09561302
0.003681556872,0.004098604364,0.009864352857,-27.90936245
0.00369544954,0.004098604364,0.009878245524,-26.7488561
0.003709342207,0.004098604364,0.009892138192,-25.71806956
0.003723234874,0.004098604364,0.009906030859,-24.75452902
0.003737127542,0.004098604364,0.009919923527,-23.78947092
0.003751020209,0.004098604364,0.009933816194,-22.82419734
0.003764912877,0.004098604364,0.009947708861,-21.85892375
0.003778805544,0.004098604364,0.009961601529,-20.89365017
0.003792698212,0.004098604364,0.009975494196,-19.92837659
0.003806590879,0.004098604364,0.009989386864,-18.96990878
0.003820483547,0.004098604364,0.01000327953,-17.97885802
0.003834376214,0.004098604364,0.0100171722,-16.63897655
0.003848268881,0.004098604364,0.01003106487,-15.10104081
0.003862161549,0.004098604364,0.01004495753,-13.55308605
0.003876054216,0.004098604364,0.0100588502,-12.00774869
0.003889946884,0.004098604364,0.01007274287,-10.46241132
0.003903839551,0.004098604364,0.01008663554,-8.91707396
0.003917732219,0.004098604364,0.0101005282,-7.371736598
0.003931624886,0.004098604364,0.01011442087,-5.82390379
0.003945517554,0.004098604364,0.01012831354,-4.280106802
0.003959410221,0.004098604364,0.01014220621,-3.086391795
0.003973302888,0.004098604364,0.01015609887,-2.114520243
0.003987195556,0.004098604364,0.01016999154,-1.171793801
0.004001088223,0.004098604364,0.01018388421,-0.2231266048
0.004014980891,0.004098604364,0.01019777688,0.7255405917
0.004028873558,0.004098604364,0.01021166954,1.674207788
0.004042766226,0.004098604364,0.01022556221,2.622874985
0.004056658893,0.004098604364,0.01023945488,3.571932216
0.004070551561,0.004098604364,0.01025334755,4.555686563
0.004084444228,0.004098604364,0.01026724021,4.785904183
0.004098336895,0.004098604364,0.01028113288,4.466230792
0.004112229563,0.004098604364,0.01029502555,4.028367781
0.00412612223,0.004098604364,0.01030891821,3.613138625
0.004140014898,0.004098604364,0.01032281088,3.19790947
0.004153907565,0.004098604364,0.01033670355,2.782680314
