Distance on line [m], x-coordinate [m], y-coordinate [m], Vorticity [1/s]
0,0.004011546421,0.006157922287,-16.43373653
1.455818445e-05,0.004011546421,0.006172480471,-14.19362401
2.911636889e-05,0.004011546421,0.006187038656,-11.9535115
4.367455334e-05,0.004011546421,0.00620159684,-9.598867438
5.823273778e-05,0.004011546421,0.006216155024,-8.101507938
7.279092223e-05,0.004011546421,0.006230713209,-7.768810974
8.734910667e-05,0.004011546421,0.006245271393,-7.353380973
0.0001019072911,0.004011546421,0.006259829578,-6.932265786
0.0001164654756,0.004011546421,0.006274387762,-6.511150599
0.00013102366,0.004011546421,0.006288945947,-6.090035412
0.0001455818445,0.004011546421,0.006303504131,-5.668920224
0.0001601400289,0.004011546421,0.006318062316,-5.247805037
0.0001746982133,0.004011546421,0.0063326205,-4.746651313
0.0001892563978,0.004011546421,0.006347178684,-5.189406589
0.0002038145822,0.004011546421,0.006361736869,-5.939126585
0.0002183727667,0.004011546421,0.006376295053,-6.670835039
0.0002329309511,0.004011546421,0.006390853238,-7.399732137
0.0002474891356,0.004011546421,0.006405411422,-8.128629236
0.00026204732,0.004011546421,0.006419969607,-8.857526334
0.0002766055045,0.004011546421,0.006434527791,-9.586423432
0.0002911636889,0.004011546421,0.006449085976,-10.35977093
0.0003057218734,0.004011546421,0.00646364416,-10.85875821
0.0003202800578,0.004011546421,0.006478202344,-6.967127152
0.0003348382422,0.004011546421,0.006492760529,-2.928370583
0.0003493964267,0.004011546421,0.006507318713,1.114176865
0.0003639546111,0.004011546421,0.006521876898,5.155568582
0.0003785127956,0.004011546421,0.006536435082,9.196960298
0.00039307098,0.004011546421,0.006550993267,13.23835202
0.0004076291645,0.004011546421,0.006565551451,17.27974373
0.0004221873489,0.004011546421,0.006580109636,21.51368205
0.0004367455334,0.004011546421,0.00659466782,24.35348935
0.0004513037178,0.004011546421,0.006609226004,24.77647967
0.0004658619022,0.004011546421,0.006623784189,25.25588474
0.0004804200867,0.004011546421,0.006638342373,25.75545873
0.0004949782711,0.004011546421,0.006652900558,26.25503273
0.0005095364556,0.004011546421,0.006667458742,26.75460673
0.00052409464,0.004011546421,0.006682016927,27.25418072
0.0005386528245,0.004011546421,0.006696575111,27.75375472
0.0005532110089,0.004011546421,0.006711133296,28.43544442
0.0005677691934,0.004011546421,0.00672569148,27.21825078
0.0005823273778,0.004011546421,0.006740249664,25.14688175
0.0005968855623,0.004011546421,0.006754807849,23.08837708
0.0006114437467,0.004011546421,0.006769366033,21.0418882
0.0006260019311,0.004011546421,0.006783924218,18.99539932
0.0006405601156,0.004011546421,0.006798482402,16.94891044
0.0006551183,0.004011546421,0.006813040587,14.90242156
0.0006696764845,0.004011546421,0.006827598771,12.8556168
0.0006842346689,0.004011546421,0.006842156956,10.81025675
0.0006987928534,0.004011546421,0.00685671514,8.827131555
0.0007133510378,0.004011546421,0.006871273324,6.849921732
0.0007279092223,0.004011546421,0.006885831509,4.872943167
0.0007424674067,0.004011546421,0.006900389693,2.895908896
0.0007570255912,0.004011546421,0.006914947878,0.9188746264
0.0007715837756,0.004011546421,0.006929506062,-1.058159644
0.00078614196,0.004011546421,0.006944064247,-3.035193914
0.0008007001445,0.004011546421,0.006958622431,-4.874997773
0.0008152583289,0.004011546421,0.006973180616,-7.681799962
0.0008298165134,0.004011546421,0.0069877388,-12.63548081
0.0008443746978,0.004011546421,0.007002296984,-17.64522052
0.0008589328823,0.004011546421,0.007016855169,-22.63120369
0.0008734910667,0.004011546421,0.007031413353,-27.61718687
0.0008880492512,0.004011546421,0.007045971538,-32.60317004
0.0009026074356,0.004011546421,0.007060529722,-37.58915322
0.0009171656201,0.004011546421,0.007075087907,-42.57513639
0.0009317238045,0.004011546421,0.007089646091,-47.8940401
0.0009462819889,0.004011546421,0.007104204276,-50.06559626
0.0009608401734,0.004011546421,0.00711876246,-50.36643546
0.0009753983578,0.004011546421,0.007133320644,-50.61775998
0.0009899565423,0.004011546421,0.007147878829,-50.90404411
0.001004514727,0.004011546421,0.007162437013,-51.19032824
0.001019072911,0.004011546421,0.007176995198,-51.47661237
0.001033631096,0.004011546421,0.007191553382,-51.7628965
0.00104818928,0.004011546421,0.007206111567,-52.05100392
0.001062747465,0.004011546421,0.007220669751,-52.34817878
0.001077305649,0.004011546421,0.007235227936,-51.54965427
0.001091863833,0.004011546421,0.00724978612,-50.5691803
0.001106422018,0.004011546421,0.007264344304,-49.57894323
0.001120980202,0.004011546421,0.007278902489,-48.59103828
0.001135538387,0.004011546421,0.007293460673,-47.60313333
0.001150096571,0.004011546421,0.007308018858,-46.61522837
0.001164654756,0.004011546421,0.007322577042,-45.62732342
0.00117921294,0.004011546421,0.007337135227,-44.49795213
0.001193771125,0.004011546421,0.007351693411,-44.34397169
0.001208329309,0.004011546421,0.007366251596,-46.99346659
0.001222887493,0.004011546421,0.00738080978,-49.86322118
0.001237445678,0.004011546421,0.007395367964,-52.69692232
0.001252003862,0.004011546421,0.007409926149,-55.53062345
0.001266562047,0.004011546421,0.007424484333,-58.36432458
0.001281120231,0.004011546421,0.007439042518,-61.19802572
0.001295678416,0.004011546421,0.007453600702,-64.03172685
0.0013102366,0.004011546421,0.007468158887,-66.81179405
0.001324794785,0.004011546421,0.007482717071,-70.05997538
0.001339352969,0.004011546421,0.007497275256,-73.66555297
0.001353911153,0.004011546421,0.00751183344,-77.29580181
0.001368469338,0.004011546421,0.007526391624,-80.91777592
0.001383027522,0.004011546421,0.007540949809,-84.53975004
0.001397585707,0.004011546421,0.007555507993,-88.16172415
0.001412143891,0.004011546421,0.007570066178,-91.78369827
0.001426702076,0.004011546421,0.007584624362,-95.40570008
0.00144126026,0.004011546421,0.007599182547,-99.03952245
0.001455818445,0.004011546421,0.007613740731,-102.3091582
0.001470376629,0.004011546421,0.007628298916,-105.4884771
0.001484934813,0.004011546421,0.0076428571,-108.6611962
0.001499492998,0.004011546421,0.007657415285,-111.835442
0.001514051182,0.004011546421,0.007671973469,-115.0096879
0.001528609367,0.004011546421,0.007686531653,-118.1839337
0.001543167551,0.004011546421,0.007701089838,-121.3581795
0.001557725736,0.004011546421,0.007715648022,-124.6941795
0.00157228392,0.004011546421,0.007730206207,-126.9339423
0.001586842105,0.004011546421,0.007744764391,-125.0130763
0.001601400289,0.004011546421,0.007759322576,-122.5299928
0.001615958473,0.004011546421,0.00777388076,-120.1028006
0.001630516658,0.004011546421,0.007788438945,-117.6756084
0.001645074842,0.004011546421,0.007802997129,-115.2484162
0.001659633027,0.004011546421,0.007817555313,-112.821224
0.001674191211,0.004011546421,0.007832113498,-110.3940318
0.001688749396,0.004011546421,0.007846671682,-107.8114226
0.00170330758,0.004011546421,0.007861229867,-106.4983567
0.001717865765,0.004011546421,0.007875788051,-106.4083581
0.001732423949,0.004011546421,0.007890346236,-106.4583048
0.001746982133,0.004011546421,0.00790490442,-106.4746515
0.001761540318,0.004011546421,0.007919462605,-106.4909981
0.001776098502,0.004011546421,0.007934020789,-106.5073448
0.001790656687,0.004011546421,0.007948578973,-106.5236915
0.001805214871,0.004011546421,0.007963137158,-106.5400381
0.001819773056,0.004011546421,0.007977695342,-106.5883678
0.00183433124,0.004011546421,0.007992253527,-106.0071924
0.001848889425,0.004011546421,0.008006811711,-105.2104553
0.001863447609,0.004011546421,0.008021369896,-104.3926856
0.001878005793,0.004011546421,0.00803592808,-103.5795487
0.001892563978,0.004011546421,0.008050486265,-102.7664117
0.001907122162,0.004011546421,0.008065044449,-101.9532748
0.001921680347,0.004011546421,0.008079602633,-101.1401379
0.001936238531,0.004011546421,0.008094160818,-100.3877492
0.001950796716,0.004011546421,0.008108719002,-99.22954932
0.0019653549,0.004011546421,0.008123277187,-95.96956876
0.001979913085,0.004011546421,0.008137835371,-92.29583574
0.001994471269,0.004011546421,0.008152393556,-88.6480536
0.002009029453,0.004011546421,0.00816695174,-85.00027145
0.002023587638,0.004011546421,0.008181509925,-81.35248931
0.002038145822,0.004011546421,0.008196068109,-77.70470716
0.002052704007,0.004011546421,0.008210626293,-74.05692502
0.002067262191,0.004011546421,0.008225184478,-70.39141359
0.002081820376,0.004011546421,0.008239742662,-66.86291077
0.00209637856,0.004011546421,0.008254300847,-63.49919346
0.002110936745,0.004011546421,0.008268859031,-60.162497
0.002125494929,0.004011546421,0.008283417216,-56.82059606
0.002140053113,0.004011546421,0.0082979754,-53.47869512
0.002154611298,0.004011546421,0.008312533585,-50.13679419
0.002169169482,0.004011546421,0.008327091769,-46.79489325
0.002183727667,0.004011546421,0.008341649953,-43.45299231
0.002198285851,0.004011546421,0.008356208138,-39.97691823
0.002212844036,0.004011546421,0.008370766322,-38.51079216
0.00222740222,0.004011546421,0.008385324507,-37.95082247
0.002241960405,0.004011546421,0.008399882691,-37.50619368
0.002256518589,0.004011546421,0.008414440876,-37.03754476
0.002271076773,0.004011546421,0.00842899906,-36.56889585
0.002285634958,0.004011546421,0.008443557245,-36.10024693
0.002300193142,0.004011546421,0.008458115429,-35.63159802
0.002314751327,0.004011546421,0.008472673613,-35.15804218
0.002329309511,0.004011546421,0.008487231798,-34.71673162
0.002343867696,0.004011546421,0.008501789982,-34.516196
0.00235842588,0.004011546421,0.008516348167,-34.37940157
0.002372984065,0.004011546421,0.008530906351,-34.24048628
0.002387542249,0.004011546421,0.008545464536,-34.10155107
0.002402100433,0.004011546421,0.00856002272,-33.96261586
0.002416658618,0.004011546421,0.008574580905,-33.82368066
0.002431216802,0.004011546421,0.008589139089,-33.68474545
0.002445774987,0.004011546421,0.008603697273,-33.53141143
0.002460333171,0.004011546421,0.008618255458,-33.48427665
0.002474891356,0.004011546421,0.008632813642,-33.59577504
0.00248944954,0.004011546421,0.008647371827,-33.74199913
0.002504007725,0.004011546421,0.008661930011,-33.88261361
0.002518565909,0.004011546421,0.008676488196,-34.02322808
0.002533124093,0.004011546421,0.00869104638,-34.16384256
0.002547682278,0.004011546421,0.008705604565,-34.30445703
0.002562240462,0.004011546421,0.008720162749,-34.44507151
0.002576798647,0.004011546421,0.008734720933,-34.62385176
0.002591356831,0.004011546421,0.008749279118,-34.33074807
0.002605915016,0.004011546421,0.008763837302,-33.76610334
0.0026204732,0.004011546421,0.008778395487,-33.15732756
0.002635031385,0.004011546421,0.008792953671,-32.5572181
0.002649589569,0.004011546421,0.008807511856,-31.95710864
0.002664147753,0.004011546421,0.00882207004,-31.35699918
0.002678705938,0.004011546421,0.008836628225,-30.75688972
0.002693264122,0.004011546421,0.008851186409,-30.1543658
0.002707822307,0.004011546421,0.008865744593,-29.56716987
0.002722380491,0.004011546421,0.008880302778,-29.16238624
0.002736938676,0.004011546421,0.008894860962,-28.81947569
0.00275149686,0.004011546421,0.008909419147,-28.47643786
0.002766055045,0.004011546421,0.008923977331,-28.1332424
0.002780613229,0.004011546421,0.008938535516,-27.79004695
0.002795171413,0.004011546421,0.0089530937,-27.44685149
0.002809729598,0.004011546421,0.008967651885,-27.10365604
0.002824287782,0.004011546421,0.008982210069,-26.71709758
0.002838845967,0.004011546421,0.008996768253,-26.63809318
0.002853404151,0.004011546421,0.009011326438,-27.12935671
0.002867962336,0.004011546421,0.009025884622,-27.78056339
0.00288252052,0.004011546421,0.009040442807,-28.40975144
0.002897078705,0.004011546421,0.009055000991,-29.03893949
0.002911636889,0.004011546421,0.009069559176,-29.66812754
0.002926195074,0.004011546421,0.00908411736,-30.29731559
0.002940753258,0.004011546421,0.009098675545,-30.92650364
0.002955311442,0.004011546421,0.009113233729,-31.51606723
0.002969869627,0.004011546421,0.009127791913,-32.52938184
0.002984427811,0.004011546421,0.009142350098,-33.84744842
0.002998985996,0.004011546421,0.009156908282,-35.22761976
0.00301354418,0.004011546421,0.009171466467,-36.59630611
0.003028102365,0.004011546421,0.009186024651,-37.96499247
0.003042660549,0.004011546421,0.009200582836,-39.33367883
0.003057218734,0.004011546421,0.00921514102,-40.70236519
0.003071776918,0.004011546421,0.009229699205,-42.08321428
0.003086335102,0.004011546421,0.009244257389,-43.39580346
0.003100893287,0.004011546421,0.009258815573,-43.08444493
0.003115451471,0.004011546421,0.009273373758,-42.08724199
0.003130009656,0.004011546421,0.009287931942,-41.06837869
0.00314456784,0.004011546421,0.009302490127,-40.05388693
0.003159126025,0.004011546421,0.009317048311,-39.03939517
0.003173684209,0.004011546421,0.009331606496,-38.0249034
0.003188242394,0.004011546421,0.00934616468,-37.01041164
0.003202800578,0.004011546421,0.009360722865,-36.00884532
0.003217358762,0.004011546421,0.009375281049,-34.91853127
0.003231916947,0.004011546421,0.009389839233,-33.62310123
0.003246475131,0.004011546421,0.009404397418,-32.25586342
0.003261033316,0.004011546421,0.009418955602,-30.89704279
0.0032755915,0.004011546421,0.009433513787,-29.53822217
0.003290149685,0.004011546421,0.009448071971,-28.17940155
0.003304707869,0.004011546421,0.009462630156,-26.82058093
0.003319266054,0.004011546421,0.00947718834,-25.46176031
0.003333824238,0.004011546421,0.009491746525,-24.0340145
0.003348382422,0.004011546421,0.009506304709,-23.26335853
0.003362940607,0.004011546421,0.009520862894,-23.0747973
0.003377498791,0.004011546421,0.009535421078,-23.03282916
0.003392056976,0.004011546421,0.009549979262,-22.96537008
0.00340661516,0.004011546421,0.009564537447,-22.897911
0.003421173345,0.004011546421,0.009579095631,-22.83045192
0.003435731529,0.004011546421,0.009593653816,-22.76299284
0.003450289714,0.004011546421,0.009608212,-22.69263753
0.003464847898,0.004011546421,0.009622770185,-22.62848895
0.003479406082,0.004011546421,0.009637328369,-23.45954868
0.003493964267,0.004011546421,0.009651886554,-24.75500194
0.003508522451,0.004011546421,0.009666444738,-26.08105856
0.003523080636,0.004011546421,0.009681002922,-27.40184265
0.00353763882,0.004011546421,0.009695561107,-28.72262673
0.003552197005,0.004011546421,0.009710119291,-30.04341082
0.003566755189,0.004011546421,0.009724677476,-31.36419491
0.003581313374,0.004011546421,0.00973923566,-32.77437578
0.003595871558,0.004011546421,0.009753793845,-33.58668212
0.003610429742,0.004011546421,0.009768352029,-32.66041183
0.003624987927,0.004011546421,0.009782910214,-30.98759176
0.003639546111,0.004011546421,0.009797468398,-29.38815537
0.003654104296,0.004011546421,0.009812026582,-27.78871898
0.00366866248,0.004011546421,0.009826584767,-26.18928259
0.003683220665,0.004011546421,0.009841142951,-24.5898462
0.003697778849,0.004011546421,0.009855701136,-22.99040981
0.003712337034,0.004011546421,0.00987025932,-21.36286812
0.003726895218,0.004011546421,0.009884817505,-19.97922755
0.003741453402,0.004011546421,0.009899375689,-18.85912787
0.003756011587,0.004011546421,0.009913933874,-17.82011901
0.003770569771,0.004011546421,0.009928492058,-16.76788228
0.003785127956,0.004011546421,0.009943050242,-15.71564555
0.00379968614,0.004011546421,0.009957608427,-14.66340882
0.003814244325,0.004011546421,0.009972166611,-13.61117208
0.003828802509,0.004011546421,0.009986724796,-12.55857653
0.003843360694,0.004011546421,0.01000128298,-11.49420014
0.003857918878,0.004011546421,0.01001584116,-10.97775311
0.003872477062,0.004011546421,0.01003039935,-10.80722443
0.003887035247,0.004011546421,0.01004495753,-10.67230721
0.003901593431,0.004011546421,0.01005951572,-10.53142938
0.003916151616,0.004011546421,0.0100740739,-10.39055155
0.0039307098,0.004011546421,0.01008863209,-10.24967371
0.003945267985,0.004011546421,0.01010319027,-10.10879588
0.003959826169,0.004011546421,0.01011774846,-9.971421622
0.003974384354,0.004011546421,0.01013230664,-9.811093361
0.003988942538,0.004011546421,0.01014686482,-9.565434843
0.004003500722,0.004011546421,0.01016142301,-9.275369804
0.004018058907,0.004011546421,0.01017598119,-8.988846396
0.004032617091,0.004011546421,0.01019053938,-8.702322987
0.004047175276,0.004011546421,0.01020509756,-8.415799578
0.00406173346,0.004011546421,0.01021965575,-8.12927617
0.004076291645,0.004011546421,0.01023421393,-7.842752761
0.004090849829,0.004011546421,0.01024877212,-7.559206199
0.004105408014,0.004011546421,0.0102633303,-7.25178226
0.004119966198,0.004011546421,0.01027788848,-6.913084083
0.004134524382,0.004011546421,0.01029244667,-6.562728693
0.004149082567,0.004011546421,0.01030700485,-6.214150648
0.004163640751,0.004011546421,0.01032156304,-5.865572603
0.004178198936,0.004011546421,0.01033612122,-5.516994558
0.00419275712,0.004011546421,0.01035067941,-5.168416512
0.004207315305,0.004011546421,0.01036523759,-4.819838467
0.004221873489,0.004011546421,0.01037979578,-4.483138868
0.004236431674,0.004011546421,0.01039435396,-3.871289766
0.004250989858,0.004011546421,0.01040891214,-3.049189467
0.004265548042,0.004011546421,0.01042347033,-2.196769156
0.004280106227,0.004011546421,0.01043802851,-1.349366057
0.004294664411,0.004011546421,0.0104525867,-0.5019629581
0.004309222596,0.004011546421,0.01046714488,0.3454401407
0.00432378078,0.004011546421,0.01048170307,1.192843239
0.004338338965,0.004011546421,0.01049626125,2.050857789
0.004352897149,0.004011546421,0.01051081944,2.840424314
